222222222222222222222222222222222222222222222222222222222222222222222222222222222222222222222222222222222222222222222222222222222222222222222222222222
222222222222222222222222222222222222222222222222222222222222222222222222222222222222222222222222222222222222222222222222222222222222222222222222222222
220000000000000000000000000000000000000000000000000000000000000002200000000000000000000000000000000000000000000000000000000000000000000000000000000022
220000000000000000000000000000000000000000000000000000000000000003300000000000000000000000000000000000000000000000000000000000000000000000000000000022
220000000000000000000000000000000000000000000000000000000000000002220000000000000000000000000000000000000000000000000000000000000000000000000000000022
220000000000000000000000000000000000000000000000000000000000000000220000000000000000000000000000000000000000000000000000000000000000000000000000000022
220000000000000000000000000000000000000000000000000000000000000000220000000000000000000000000000000000000000000000000000000000000000000000000000000022
220000000000000000000000000000000000000000000000000000000000000000022222222222000000000000000000000000000000000000000000000000000000000000000000000022
220000000000000000000000000000000000000000000000000000000000000000022000000002222000000000000000000000000000000000000000000000000000000000000000000022
220000000000000000000000000000000000000000000000000000000000000000020000000000002000000000000000000000000000000000000000000000000000000000000000000022
220000000000000000000000000000000000000000002222222222222222222223320000000000002000000000000000000000000000000000000000000000000000000000000000000022
220000000000000000000000000000000000000000002000000000000000000020020000000000002000000000000000000000000000000000000000000000000000000000000000000022
220000000000000000000000000000000000000000022000000000000022222020020000000000002000000000000000000000000000000000000000000000000000000000000000000022
220000000000000000000000000000000000000000002220022222200020002020022222000000002000000000000000000000000000000000000000000000000000000000000000000022
220000000000000000000000000000000000000000000022220000020020002020000002000000002000000000000000000000000000000000000000000000000000000000000000000022
220000000000000000000000000000000000000000000000000000022020002020000000220000002000000000000000000000000000000000000000000000000000000000000000000022
220000000000000000000000000000000000000000222222222222222022322020000000022200002000000000000000000000000000000000000000000000000000000000000000000022
220000000000000000000000000000000000000000200000000000000000000020000000000222222222000000000000000000000000000000000000000000000000000000000000000022
220000000000000000000000000000000000000000200222222222222220000020000000000000000002000000000000000000000000000000000000000000000000000000000000000022
220000000000000000000000000000000000000000200200000000000022000020000000000000000000220000000000000000000000000000000000000000000000000000000000000022
220000000000000000000000000000000000000000200200222222222002000020000000000000000000020000000000000000000000000000000000000000000000000000000000000022
220000000000000000000000000000000000000000200200200000002202202220000000000000000000020000000000000000000000000000000000000000000000000000000000000022
220000000000000000000000000000000000000000200202200000003200202020000000000000000000020000000000000000000000000000000000000000000000000000000000000022
220000000000000000000000000000000000000000200202000022333200202020000000222000000000020000000000000000000000000000000000000000000000000000000000000022
220000000000000000000000000000000000000000200202002220000200203030000222200200000000020000000000000000000000000000000000000000000000000000000000000022
220000000000000000000000000000000000000000200202022000000200202020002200000200000000020000000000000000000000000000000000000000000000000000000000000022
220000000000000000000000000000000000000000200202022220000200202020002000000200000000020000000000000000000000000000000000000000000000000000000000000022
220000000000000000000000000000000000000000200202000022222200202020220000000200000000020000000000000000000000000000000000000000000000000000000000000022
220000000000000000000000000000000000000000200202000000000000202222200000000200000000020000000000000000000000000000000000000000000000000000000000000022
220000000000000000000000000000000000000000200202222222222200202020000000000200000000020000000000000000000000000000000000000000000000000000000000000022
220000000000000000000000000000000000000000200200000220000222202020000000000200000000020000000000000000000000000000000000000000000000000000000000000022
220000000000000000000000000000000000000000200200000000000000002020000022200220000000020000000000000000000000000000000000000000000000000000000000000022
220000000000000000000000000000000000000000200222222222222222222222222220000020000000020000000000000000000000000000000000000000000000000000000000000022
220000000000000000000000000000000000000000200000000000000000000030000000000020000000020000000000000000000000000000000000000000000000000000000000000022
220000000000000000000000000000000000000000222222222222222222222222222222200222222220020000000000000000000000000000000000000000000000000000000000000022
220000000000000000000000000000000000000000000000000000000000000220000000200300000300020000000000000000000000000000000000000000000000000000000000000022
220000000000000000000000000000000000000000000000000000000000000022022220200222220200020000000000000000000000000000000000000000000000000000000000000022
220000000000000000000000000000000000000000000000000000000000000022020030200020020200020000000000000000000000000000000000000000000000000000000000000022
220000000000000000000000000000000000000000000000000000000000000022020020200020220200020000000000000000000000000000000000000000000000000000000000000022
220000000000000000000000000000000000000000000000000000000000000022030020200020000200220000000000000000000000000000000000000000000000000000000000000022
220000000000000000000000000000000000000000000000000000000000000022020020200222222200200000000000000000000000000000000000000000000000000000000000000022
220000000000000000000000000000000000000000000000000000000000000022022220200200000002200000000000000000000000000000000000000000000000000000000000000022
220000000000000000000000000000000000000000000000000000000000000022022020223200000222000000000000000000000000000000000000000000000000000000000000000022
220000000000000000000000000000000000000000000000000000000000000022000020000002222200000000000000000000000000000000000000000000000000000000000000000022
220000000000000000000000000000000000000000000000000000000000000022000022222222000000000000000000000000000000000000000000000000000000000000000000000022
220000000000000000000000000000000000000000000000000000000000000022000000000000000000000000000000000000000000000000000000000000000000000000000000000022
220000000000000000000000000000000000000000000000000000000000000022000000000000000000000000000000000000000000000000000000000000000000000000000000000022
220000000000000000000000000000000000000000000000000000000000000022000000000000000000000000000000000000000000000000000000000000000000000000000000000022
220000000000000000000000000000000000000000000000000000000000000022000000000000000000000000000000000000000000000000000000000000000000000000000000000022
220000000000000000000000000000000000000000000000000000000000000022000000000000000000000000000000000000000000000000000000000000000000000000000000000022
220000000000000000000000000000000000000000000000000000000000000022000000000000000000000000000000000000000000000000000000000000000000000000000000000022
220000000000000000000000000000000000000000000000000000000000000022000000000000000000000000000000000000000000000000000000000000000000000000000000000022
220000000000000000000000000000000000000000000000000000000000000022000000000000000000000000000000000000000000000000000000000000000000000000000000000022
220000000000000000000000000000000000000000000000000000000000000022000000000000000000000000000000000000000000000000000000000000000000000000000000000022
220000000000000000000000000000000000000000000000000000000000000022000000000000000000000000000000000000000000000000000000000000000000000000000000000022
220000000000000000000000000000000000000000000000000000000000000022000000000000000000000000000000000000000000000000000000000000000000000000000000000022
220000000000000000000000000000000000000000000000000000000000000022000000000000000000000000000000000000000000000000000000000000000000000000000000000022
220000000000000000000000000000000000000000000000000000000000000022000000000000000000000000000000000000000000000000000000000000000000000000000000000022
220000000000000000000000000000000000000000000000000000000000000022000000000000000000000000000000000000000000000000000000000000000000000000000000000022
220000000000000000000000000000000000000000000000000000000000000022000000000000000000000000000000000000000000000000000000000000000000000000000000000022
220000000000000000000000000000000000000000000000000000000000000022000000000000000000000000000000000000000000000000000000000000000000000000000000000022
220000000000000000000000000000000000000000000000000000000000000022000000000000000000000000000000000000000000000000000000000000000000000000000000000022
220000000000000000000000000000000000000000000000000000000000000022000000000000000000000000000000000000000000000000000000000000000000000000000000000022
220000000000000000000000000000000000000000000000000000000000000022000000000000000000000000000000000000000000000000000000000000000000000000000000000022
220000000000000000000000000000000000000000000000000000000000000022000000000000000000000000000000000000000000000000000000000000000000000000000000000022
220000000000000000000000000000000000000000000000000000000000000022000000000000000000000000000000000000000000000000000000000000000000000000000000000022
220000000000000000000000000000000000000000000000000000000000000022000000000000000000000000000000000000000000000000000000000000000000000000000000000022
220000000000000000000000000000000000000000000000000000000000000022000000000000000000000000000000000000000000000000000000000000000000000000000000000022
220000000000000000000000000000000000000000000000000000000000000022000000000000000000000000000000000000000000000000000000000000000000000000000000000022
220000000000000000000000002222222222222222222222222222222222222222000000000000000000000000000000000000000000000000000000000000000000000000000000000022
220000000000000000000000002222222222222222222222222222222222222222000000000000000000000000000000000000000000000000000000000000000000000000000000000022
220000000000000000000000002200003300000000000000000000000000000033000000000000000000000000000000000000000000000000000000000000000000000000000000000022
220000000000000000000000002200003300000000000000000000000000000033000000000000000000000000000000000000000000000000000000000000000000000000000000000022
220000000000000000000000002200003300000000000000000000000000000033000000000000000000000000000000000000000000000000000000000000000000000000000000000022
220000000000000000000000002200003300000000000000000000000000000033000000000000000000000000000000000000000000000000000000000000000000000000000000000022
220000000000000000000000002200003300000000000000000000000000000033000000000000000000000000000000000000000000000000000000000000000000000000000000000022
220000000000000000000000002200002222222222222222222222222222222222000000000000000000000000000000000000000000000000000000000000000000000000000000000022
220000000000000000000000002200002222222222222222222222222222222222000000000000000000000000000000000000000000000000000000000000000000000000000000000022
220000000000000000000000002200002200000000000000000000000000000022000000000000000000000000000000000000000000000000000000000000000000000000000000000022
220000000000000000000000002200002200000000000000000000000000000022000000000000000000000000000000000000000000000000000000000000000000000000000000000022
220000000000000000000000002200002200000000000000000000000000000022000000000000000000000000000000000000000000000000000000000000000000000000000000000022
220000000000000000000000002200002200000000000000000000000000000022000000000000000000000000000000000000000000000000000000000000000000000000000000000022
220000000000000000000000002200002200000000000000000000000000000022000000000000000000000000000000000000000000000000000000000000000000000000000000000022
220000000000000000000000002200002200000000000000000000000000000022000000000000000000000000000000000000000000000000000000000000000000000000000000000022
220000000000000000000000002200002200000000000000000000000000000022000000000000000000000000000000000000000000000000000000000000000000000000000000000022
220000000000000000000000002200002200000000000000000000000000000022000000000000000000000000000000000000000000000000000000000000000000000000000000000022
220000000000000000000000002200002200000000000000000000000000000022000000000000000000000000000000000000000000000000000000000000000000000000000000000022
220000000000000000000000002200002200000000000000000000000000000022000000000000000000000000000000000000000000000000000000000000000000000000000000000022
220000000000000000000000002200002200000000000000000000000000000022000000000000000000000000000000000000000000000000000000000000000000000000000000000022
220000000000000000000000002200002200000000000000000000000000000022000000000000000000000000000000000000000000000000000000000000000000000000000000000022
220000000000000000000000002200002200000000000000000000000000000022000000000000000000000000000000000000000000000000000000000000000000000000000000000022
220000000000000000000000002200002200000000000000000000000000000022000000000000000000000000000000000000000000000000000000000000000000000000000000000022
220000000000000000000000002200002200000000000000000000000000000022000000000000000000000000000000000000000000000000000000000000000000000000000000000022
222222222222222222222222222233332200000000000000000000000000000022000000000000000000000000000000000000000000000000000000000000000000000000000000000022
222222222222222222222222222233332200000000000000000000000000000022000000000000000000000000000000000000000000000000000000000000000000000000000000000022
220000000000000000000000003300002200000000000000000000000000000022000000000000000000000000000000000000000000000000000000000000000000000000000000000022
220000000000000000000000003300002200000000000000000000000000000022000000000000000000000000000000000000000000000000000000000000000000000000000000000022
220000000000000000000000003300002200000000000000000000000000000022000000000000000000000000000000000000000000000000000000000000000000000000000000000022
220000000000000000000000003300002200000000000000000000000000000022000000000000000000000000000000000000000000000000000000000000000000000000000000000022
220000000000000000000000222222222200000000000000000000000000000022000000000000000000000000000000000000000000000000000000000000000000000000000000000022
220000000000000000000000222222222200000000000000000000000000000022000000000000000000000000000000000000000000000000000000000000000000000000000000000022
220000000000000000000000220000000000000000000000000000000000000022000000000000000000000000000000000000000000000000000000000000000000000000000000000022
220000000000000000000000220000000000000000000000000000000000000022000000000000000000000000000000000000000000000000000000000000000000000000000000000022
220000000000000000000000220000000000000000000000000000000000000033000000000000000000000000000000000000000000000000000000000000000000000000000000000022
220000000000000000000000220000000000000000000000000000000000000033000000000000000000000000000000000000000000000000000000000000000000000000000000000022
220000000000000000000000220000000000000000000000000000000000000033000000000000000000000000000000000000000000000000000000000000000000000000000000000022
220000000000000000000000220000000000000000000000000000000000000033000000000000000000000000000000000000000000000000000000000000000000000000000000000022
220000000000000000000000220000000000000000000000000000000000000022000000000000000000000000000000000000000000000000000000000000000000000000000000000022
220000000000000000000000220000000000000000000000000000000000000022000000000000000000000000000000000000000000000000000000000000000000000000000000000022
220000000000000000000000220000000000000000000000000000000000000022000000000000000000000000000000000000000000000000000000000000000000000000000000000022
220000000000000000000000220000000000000000000000000000000000000022000000000000000000000000000000000000000000000000000000000000000000000000000000000022
220000000000000000000000220000000000000000000000000000000000000022000000000000000000000000000000000000000000000000000000000000000000000000000000000022
220000000000000000000000220000000000000000000000000000000000000022000000000000000000000000000000000000000000000000000000000000000000000000000000000022
222222222233333333332200220000000000000000000000000000000000000022000000000000000000000000000000000000000000000000000000000000000000000000000000000022
222222222233333333332200222222222222222222222222222222222222222222000000000000000000000000000000000000000000000000000000000000000000000000000000000022
220000002200000000002200222222222222222222222222222222222222222222000000000000000000000000000000000000000000000000000000000000000000000000000000000022
220000002200000000002200220000000000000000000000000000000000000000000000000000000000000000000000000000000000000000000000000000000000000000000000000022
220000002222222222002200220000000000000000000000000000000000000000000000000000000000000000000000000000000000000000000000000000000000000000000000000022
220000002222222222002200220000000000000000000000000000000000000000000000000000000000000000000000000000000000000000000000000000000000000000000000000022
220000003300000022002200220000000000000000000000000000000000000000000000000000000000000000000000000000000000000000000000000000000000000000000000000022
220000003300000022002200220000000000000000000000000000000000000000000000000000000000000000000000000000000000000000000000000000000000000000000000000022
220000003300000022002200220000000000000000000000000000000000000000000000000000000000000000000000000000000000000000000000000000000000000000000000000022
220000003300000022002200220000000000000000000000000000000000000000000000000000000000000000000000000000000000000000000000000000000000000000000000000022
220000002222222222002200220000000000000000000000000000000000000000000000000000000000000000000000000000000000000000000000000000000000000000000000000022
220000002222222222002200220000000000000000000000000000000000000000000000000000000000000000000000000000000000000000000000000000000000000000000000000022
220000000000000000002200220000000000000000000000000000000000000000000000000000000000000000000000000000000000000000000000000000000000000000000000000022
220000000000000000002200220000000000000000000000000000000000000000000000000000000000000000000000000000000000000000000000000000000000000000000000000022
222222222222222222222200220000000000000000000000000000000000000000000000000000000000000000000000000000000000000000000000000000000000000000000000000022
222222222222222222222200220000000000000000000000000000000000000000000000000000000000000000000000000000000000000000000000000000000000000000000000000022
220000000000000000000000000000000000000000000000000000000000000000000000000000000000000000000000000000000000000000000000000000000000000000000000000022
220000000000000000000000000000000000000000000000000000000000000000000000000000000000000000000000000000000000000000000000000000000000000000000000000022
220000000000000000000000000000000000000000000000000000000000000000000000000000000000000000000000000000000000000000000000000000000000000000000000000022
220000000000000000000000000000000000000000000000000000000000000000000000000000000000000000000000000000000000000000000000000000000000000000000000000022
220000000000000000000000000000000000000000000000000000000000000000000000000000000000000000000000000000000000000000000000000000000000000000000000000022
220000000000000000000000000000000000000000000000000000000000000000000000000000000000000000000000000000000000000000000000000000000000000000000000000022
220000000000000000000000000000000000000000000000000000000000000000000000000000000000000000000000000000000000000000000000000000000000000000000000000022
220000000000000000000000000000000000000000000000000000000000000000000000000000000000000000000000000000000000000000000000000000000000000000000000000022
220000000000000000000000000000000000000000000000000000000000000000000000000000000000000000000000000000000000000000000000000000000000000000000000000022
220000000000000000000000000000000000000000000000000000000000000000000000000000000000000000000000000000000000000000000000000000000000000000000000000022
220000000000000000000000000000000000000000000000000000000000000000000000000000000000000000000000000000000000000000000000000000000000000000000000000022
220000000000000000000000000000000000000000000000000000000000000000000000000000000000000000000000000000000000000000000000000000000000000000000000000022
220000000000000000000000000000000000000000000000000000000000000000000000000000000000000000000000000000000000000000000000000000000000000000000000000022
220000000000000000000000000000000000000000000000000000000000000000000000000000000000000000000000000000000000000000000000000000000000000000000000000022
220000000000000000000000000000000000000000000000000000000000000000000000000000000000000000000000000000000000000000000000000000000000000000000000000022
220000000000000000000000000000000000000000000000000000000000000000000000000000000000000000000000000000000000000000000000000000000000000000000000000022
220000000000000000000000000000000000000000000000000000000000000000000000000000000000000000000000000000000000000000000000000000000000000000000000000022
220000000000000000000000000000000000000000000000000000000000000000000000000000000000000000000000000000000000000000000000000000000000000000000000000022
220000000000000000000000000000000000000000000000000000000000000000000000000000000000000000000000000000000000000000000000000000000000000000000000000022
222222222222222222222222222222222222222222222222222222222222222222222222222222222222222222222222222222222222222222222222222222222222222222222222222222
222222222222222222222222222222222222222222222222222222222222222222222222222222222222222222222222222222222222222222222222222222222222222222222222222222
